0.000000 1.000000 2.000000 3.000000 
0.010000 0.950000 2.012000 2.611000 
0.020000 0.903770 2.023512 2.271265 
0.030000 0.860822 2.034573 1.974815 
0.040000 0.820728 2.045216 1.716340 
0.050000 0.783113 2.055469 1.491139 
0.060000 0.747647 2.065355 1.295057 
0.070000 0.714043 2.074897 1.124431 
0.080000 0.682049 2.084112 0.976040 
0.090000 0.651448 2.093017 0.847051 
0.100000 0.622047 2.101624 0.734982 
0.110000 0.593681 2.109946 0.637657 
0.120000 0.566205 2.117993 0.553170 
0.130000 0.539493 2.125773 0.479859 
0.140000 0.513437 2.133294 0.416267 
0.150000 0.487941 2.140562 0.361127 
0.160000 0.462925 2.147582 0.313331 
0.170000 0.438315 2.154358 0.271916 
0.180000 0.414053 2.160896 0.236039 
0.190000 0.390083 2.167197 0.204971 
0.200000 0.366362 2.173265 0.178075 
0.210000 0.342848 2.179102 0.154797 
0.220000 0.319509 2.184710 0.134656 
0.230000 0.296316 2.190090 0.117234 
0.240000 0.273242 2.195243 0.102169 
0.250000 0.250268 2.200171 0.089144 
0.260000 0.227375 2.204873 0.077887 
0.270000 0.204548 2.209352 0.068160 
0.280000 0.181772 2.213607 0.059757 
0.290000 0.159039 2.217638 0.052500 
0.300000 0.136337 2.221446 0.046233 
0.310000 0.113661 2.225031 0.040824 
0.320000 0.091002 2.228393 0.036155 
0.330000 0.068357 2.231531 0.032126 
0.340000 0.045720 2.234446 0.028650 
0.350000 0.023089 2.237138 0.025652 
0.360000 0.000461 2.239606 0.023067 
0.370000 -0.022166 2.241850 0.020838 
0.380000 -0.044792 2.243870 0.018916 
0.390000 -0.067420 2.245667 0.017259 
0.400000 -0.090050 2.247238 0.015831 
0.410000 -0.112680 2.248585 0.014601 
0.420000 -0.135312 2.249707 0.013540 
0.430000 -0.157945 2.250603 0.012626 
0.440000 -0.180577 2.251274 0.011839 
0.450000 -0.203208 2.251720 0.011160 
0.460000 -0.225837 2.251940 0.010575 
0.470000 -0.248462 2.251933 0.010070 
0.480000 -0.271082 2.251700 0.009635 
0.490000 -0.293695 2.251241 0.009260 
0.500000 -0.316300 2.250556 0.008937 
0.510000 -0.338895 2.249643 0.008657 
0.520000 -0.361478 2.248504 0.008416 
0.530000 -0.384047 2.247137 0.008207 
0.540000 -0.406601 2.245544 0.008027 
0.550000 -0.429137 2.243723 0.007870 
0.560000 -0.451653 2.241676 0.007735 
0.570000 -0.474147 2.239401 0.007617 
0.580000 -0.496617 2.236899 0.007514 
0.590000 -0.519061 2.234170 0.007425 
0.600000 -0.541477 2.231214 0.007347 
0.610000 -0.563863 2.228030 0.007279 
0.620000 -0.586216 2.224619 0.007219 
0.630000 -0.608534 2.220982 0.007166 
0.640000 -0.630816 2.217118 0.007119 
0.650000 -0.653058 2.213027 0.007077 
0.660000 -0.675259 2.208709 0.007040 
0.670000 -0.697416 2.204165 0.007007 
0.680000 -0.719528 2.199395 0.006977 
0.690000 -0.741592 2.194399 0.006950 
0.700000 -0.763605 2.189178 0.006926 
0.710000 -0.785566 2.183731 0.006903 
0.720000 -0.807473 2.178059 0.006883 
0.730000 -0.829322 2.172162 0.006863 
0.740000 -0.851112 2.166041 0.006846 
0.750000 -0.872841 2.159696 0.006829 
0.760000 -0.894507 2.153127 0.006813 
0.770000 -0.916106 2.146336 0.006798 
0.780000 -0.937637 2.139321 0.006784 
0.790000 -0.959098 2.132084 0.006771 
0.800000 -0.980487 2.124625 0.006758 
0.810000 -1.001801 2.116945 0.006746 
0.820000 -1.023038 2.109044 0.006734 
0.830000 -1.044195 2.100923 0.006722 
0.839999 -1.065272 2.092582 0.006711 
0.849999 -1.086265 2.084021 0.006700 
0.859999 -1.107172 2.075243 0.006689 
0.869999 -1.127991 2.066246 0.006679 
0.879999 -1.148720 2.057033 0.006668 
0.889999 -1.169357 2.047602 0.006658 
0.899999 -1.189900 2.037956 0.006648 
0.909999 -1.210346 2.028095 0.006638 
0.919999 -1.230693 2.018020 0.006629 
0.929999 -1.250940 2.007731 0.006619 
0.939999 -1.271083 1.997230 0.006610 
0.949999 -1.291122 1.986516 0.006600 
0.959999 -1.311053 1.975591 0.006591 
0.969999 -1.330875 1.964456 0.006582 
0.979999 -1.350585 1.953112 0.006573 
0.989999 -1.370182 1.941559 0.006564 
0.999999 -1.389663 1.929799 0.006555 
1.009999 -1.409027 1.917832 0.006546 
1.019999 -1.428271 1.905660 0.006537 
1.029999 -1.447393 1.893283 0.006529 
1.039999 -1.466391 1.880702 0.006520 
1.049999 -1.485263 1.867919 0.006512 
1.059999 -1.504007 1.854934 0.006503 
1.069999 -1.522622 1.841749 0.006495 
1.079999 -1.541104 1.828365 0.006487 
1.089999 -1.559453 1.814782 0.006479 
1.099999 -1.577665 1.801002 0.006471 
1.109999 -1.595740 1.787027 0.006463 
1.119999 -1.613675 1.772856 0.006455 
1.129999 -1.631468 1.758492 0.006447 
1.139999 -1.649117 1.743936 0.006439 
1.149999 -1.666621 1.729189 0.006432 
1.159999 -1.683977 1.714252 0.006424 
1.169999 -1.701184 1.699126 0.006416 
1.179999 -1.718240 1.683814 0.006409 
1.189999 -1.735142 1.668315 0.006402 
1.199999 -1.751889 1.652632 0.006394 
1.209999 -1.768479 1.636766 0.006387 
1.219999 -1.784911 1.620718 0.006380 
1.229999 -1.801182 1.604489 0.006373 
1.239999 -1.817290 1.588082 0.006366 
1.249999 -1.833235 1.571497 0.006359 
1.259999 -1.849013 1.554736 0.006352 
1.269999 -1.864624 1.537801 0.006345 
1.279999 -1.880066 1.520692 0.006339 
1.289999 -1.895336 1.503412 0.006332 
1.299999 -1.910434 1.485962 0.006326 
1.309999 -1.925356 1.468344 0.006319 
1.319999 -1.940103 1.450559 0.006313 
1.329999 -1.954672 1.432608 0.006307 
1.339999 -1.969061 1.414494 0.006300 
1.349999 -1.983269 1.396218 0.006294 
1.359999 -1.997294 1.377782 0.006288 
1.369999 -2.011135 1.359187 0.006282 
1.379999 -2.024789 1.340434 0.006276 
1.389999 -2.038256 1.321527 0.006271 
1.399999 -2.051534 1.302466 0.006265 
1.409999 -2.064622 1.283253 0.006259 
1.419999 -2.077517 1.263890 0.006254 
1.429999 -2.090218 1.244379 0.006248 
1.439999 -2.102725 1.224721 0.006243 
1.449999 -2.115034 1.204918 0.006238 
1.459999 -2.127146 1.184973 0.006232 
1.469999 -2.139058 1.164886 0.006227 
1.479999 -2.150769 1.144661 0.006222 
1.489999 -2.162278 1.124298 0.006217 
1.499999 -2.173583 1.103799 0.006212 
1.509999 -2.184683 1.083167 0.006208 
1.519999 -2.195577 1.062404 0.006203 
1.529999 -2.206263 1.041510 0.006198 
1.539999 -2.216740 1.020489 0.006194 
1.549999 -2.227007 0.999342 0.006189 
1.559999 -2.237062 0.978072 0.006185 
1.569999 -2.246905 0.956679 0.006181 
1.579999 -2.256533 0.935167 0.006177 
1.589999 -2.265947 0.913536 0.006173 
1.599999 -2.275144 0.891791 0.006168 
1.609999 -2.284123 0.869931 0.006165 
1.619999 -2.292884 0.847960 0.006161 
1.629999 -2.301425 0.825879 0.006157 
1.639999 -2.309746 0.803690 0.006153 
1.649999 -2.317844 0.781397 0.006150 
1.659999 -2.325720 0.759000 0.006146 
1.669999 -2.333371 0.736501 0.006143 
1.679999 -2.340798 0.713904 0.006139 
1.689999 -2.347998 0.691210 0.006136 
1.699999 -2.354972 0.668421 0.006133 
1.709999 -2.361717 0.645540 0.006130 
1.719999 -2.368234 0.622568 0.006127 
1.729999 -2.374521 0.599509 0.006124 
1.739999 -2.380577 0.576363 0.006121 
1.749999 -2.386402 0.553134 0.006119 
1.759999 -2.391994 0.529823 0.006116 
1.769999 -2.397354 0.506433 0.006113 
1.779999 -2.402479 0.482965 0.006111 
1.789999 -2.407370 0.459424 0.006109 
1.799999 -2.412025 0.435809 0.006106 
1.809999 -2.416445 0.412125 0.006104 
1.819999 -2.420627 0.388373 0.006102 
1.829999 -2.424572 0.364555 0.006100 
1.839999 -2.428278 0.340674 0.006098 
1.849999 -2.431746 0.316731 0.006096 
1.859999 -2.434974 0.292731 0.006095 
1.869999 -2.437962 0.268674 0.006093 
1.879999 -2.440710 0.244563 0.006091 
1.889999 -2.443217 0.220400 0.006090 
1.899999 -2.445482 0.196188 0.006089 
1.909999 -2.447504 0.171930 0.006087 
1.919999 -2.449285 0.147627 0.006086 
1.929999 -2.450822 0.123281 0.006085 
1.939999 -2.452115 0.098897 0.006084 
1.949998 -2.453165 0.074474 0.006083 
1.959998 -2.453971 0.050017 0.006082 
1.969998 -2.454532 0.025527 0.006081 
1.979998 -2.454848 0.001008 0.006081 
1.989998 -2.454919 -0.023540 0.006080 
1.999998 -2.454744 -0.048113 0.006080 
2.009999 -2.454324 -0.072708 0.006079 
2.019999 -2.453657 -0.097324 0.006079 
2.029999 -2.452745 -0.121958 0.006079 
2.039999 -2.451586 -0.146607 0.006079 
2.049999 -2.450181 -0.171270 0.006079 
2.059999 -2.448529 -0.195943 0.006079 
2.069999 -2.446630 -0.220624 0.006079 
2.079998 -2.444485 -0.245311 0.006079 
2.089998 -2.442093 -0.270001 0.006079 
2.099998 -2.439453 -0.294692 0.006080 
2.109998 -2.436567 -0.319381 0.006080 
2.119998 -2.433434 -0.344066 0.006081 
2.129998 -2.430054 -0.368745 0.006082 
2.139998 -2.426428 -0.393414 0.006082 
2.149998 -2.422554 -0.418072 0.006083 
2.159998 -2.418435 -0.442715 0.006084 
2.169998 -2.414068 -0.467342 0.006085 
2.179998 -2.409456 -0.491951 0.006086 
2.189998 -2.404597 -0.516537 0.006088 
2.199998 -2.399492 -0.541099 0.006089 
2.209998 -2.394142 -0.565636 0.006090 
2.219998 -2.388547 -0.590143 0.006092 
2.229998 -2.382706 -0.614618 0.006094 
2.239998 -2.376621 -0.639060 0.006095 
2.249998 -2.370291 -0.663465 0.006097 
2.259998 -2.363718 -0.687831 0.006099 
2.269998 -2.356900 -0.712156 0.006101 
2.279998 -2.349840 -0.736438 0.006103 
2.289998 -2.342537 -0.760672 0.006105 
2.299998 -2.334991 -0.784858 0.006107 
2.309998 -2.327204 -0.808993 0.006110 
2.319998 -2.319175 -0.833074 0.006112 
2.329998 -2.310905 -0.857099 0.006115 
2.339998 -2.302395 -0.881065 0.006117 
2.349998 -2.293646 -0.904970 0.006120 
2.359998 -2.284657 -0.928812 0.006123 
2.369998 -2.275430 -0.952587 0.006126 
2.379998 -2.265966 -0.976294 0.006129 
2.389998 -2.256264 -0.999930 0.006132 
2.399998 -2.246326 -1.023493 0.006135 
2.409998 -2.236153 -1.046979 0.006138 
2.419998 -2.225744 -1.070388 0.006142 
2.429998 -2.215102 -1.093716 0.006145 
2.439998 -2.204226 -1.116960 0.006149 
2.449998 -2.193118 -1.140120 0.006152 
2.459998 -2.181778 -1.163191 0.006156 
2.469998 -2.170208 -1.186172 0.006160 
2.479998 -2.158408 -1.209060 0.006164 
2.489998 -2.146379 -1.231853 0.006168 
2.499998 -2.134122 -1.254549 0.006172 
2.509998 -2.121638 -1.277145 0.006176 
2.519998 -2.108928 -1.299638 0.006180 
2.529998 -2.095994 -1.322027 0.006185 
2.539998 -2.082835 -1.344309 0.006189 
2.549998 -2.069454 -1.366482 0.006194 
2.559998 -2.055851 -1.388543 0.006199 
2.569998 -2.042028 -1.410490 0.006203 
2.579998 -2.027985 -1.432321 0.006208 
2.589998 -2.013724 -1.454033 0.006213 
2.599998 -1.999246 -1.475624 0.006218 
2.609998 -1.984552 -1.497092 0.006223 
2.619998 -1.969643 -1.518435 0.006229 
2.629998 -1.954521 -1.539650 0.006234 
2.639998 -1.939187 -1.560735 0.006239 
2.649998 -1.923642 -1.581687 0.006245 
2.659998 -1.907887 -1.602505 0.006250 
2.669998 -1.891925 -1.623187 0.006256 
2.679998 -1.875755 -1.643729 0.006262 
2.689998 -1.859381 -1.664130 0.006268 
2.699998 -1.842802 -1.684388 0.006274 
2.709998 -1.826021 -1.704501 0.006280 
2.719998 -1.809039 -1.724465 0.006286 
2.729998 -1.791857 -1.744280 0.006292 
2.739998 -1.774477 -1.763943 0.006299 
2.749998 -1.756901 -1.783452 0.006305 
2.759998 -1.739129 -1.802804 0.006312 
2.769998 -1.721164 -1.821998 0.006318 
2.779998 -1.703007 -1.841032 0.006325 
2.789998 -1.684660 -1.859903 0.006332 
2.799998 -1.666125 -1.878610 0.006339 
2.809998 -1.647402 -1.897150 0.006346 
2.819998 -1.628494 -1.915521 0.006353 
2.829998 -1.609402 -1.933721 0.006360 
2.839998 -1.590129 -1.951749 0.006367 
2.849998 -1.570675 -1.969602 0.006374 
2.859998 -1.551043 -1.987278 0.006382 
2.869998 -1.531234 -2.004776 0.006389 
2.879998 -1.511250 -2.022093 0.006397 
2.889998 -1.491093 -2.039228 0.006405 
2.899998 -1.470764 -2.056178 0.006413 
2.909998 -1.450267 -2.072942 0.006421 
2.919998 -1.429602 -2.089518 0.006429 
2.929998 -1.408771 -2.105903 0.006437 
2.939998 -1.387776 -2.122097 0.006445 
2.949998 -1.366619 -2.138097 0.006453 
2.959998 -1.345303 -2.153901 0.006462 
2.969998 -1.323829 -2.169508 0.006470 
2.979998 -1.302198 -2.184916 0.006479 
2.989998 -1.280414 -2.200122 0.006487 
2.999998 -1.258478 -2.215127 0.006496 
3.009998 -1.236391 -2.229926 0.006505 
3.019998 -1.214157 -2.244520 0.006514 
3.029998 -1.191777 -2.258906 0.006523 
3.039998 -1.169253 -2.273083 0.006532 
3.049998 -1.146588 -2.287049 0.006541 
3.059998 -1.123783 -2.300802 0.006550 
3.069998 -1.100840 -2.314340 0.006560 
3.079998 -1.077762 -2.327663 0.006569 
3.089998 -1.054551 -2.340768 0.006579 
3.099998 -1.031209 -2.353655 0.006588 
3.109998 -1.007739 -2.366320 0.006598 
3.119998 -0.984141 -2.378764 0.006608 
3.129997 -0.960420 -2.390984 0.006618 
3.139997 -0.936576 -2.402979 0.006628 
3.149997 -0.912613 -2.414748 0.006638 
3.159997 -0.888532 -2.426289 0.006648 
3.169997 -0.864335 -2.437601 0.006658 
3.179997 -0.840026 -2.448682 0.006668 
3.189997 -0.815606 -2.459531 0.006679 
3.199997 -0.791077 -2.470146 0.006689 
3.209997 -0.766443 -2.480527 0.006700 
3.219997 -0.741704 -2.490672 0.006711 
3.229997 -0.716865 -2.500580 0.006721 
3.239997 -0.691926 -2.510249 0.006732 
3.249997 -0.666891 -2.519679 0.006743 
3.259997 -0.641762 -2.528867 0.006754 
3.269997 -0.616541 -2.537814 0.006765 
3.279997 -0.591230 -2.546517 0.006776 
3.289997 -0.565833 -2.554976 0.006788 
3.299997 -0.540351 -2.563189 0.006799 
3.309997 -0.514787 -2.571156 0.006810 
3.319997 -0.489143 -2.578875 0.006822 
3.329997 -0.463423 -2.586345 0.006833 
3.339997 -0.437628 -2.593566 0.006845 
3.349997 -0.411761 -2.600536 0.006857 
3.359997 -0.385824 -2.607254 0.006869 
3.369997 -0.359820 -2.613719 0.006880 
3.379997 -0.333752 -2.619931 0.006892 
3.389997 -0.307621 -2.625889 0.006905 
3.399997 -0.281431 -2.631591 0.006917 
3.409997 -0.255185 -2.637037 0.006929 
3.419997 -0.228884 -2.642226 0.006941 
3.429997 -0.202531 -2.647156 0.006953 
3.439997 -0.176129 -2.651829 0.006966 
3.449997 -0.149680 -2.656242 0.006978 
3.459997 -0.123187 -2.660395 0.006991 
3.469997 -0.096653 -2.664287 0.007004 
3.479997 -0.070081 -2.667918 0.007016 
3.489997 -0.043472 -2.671287 0.007029 
3.499997 -0.016829 -2.674393 0.007042 
3.509997 0.009845 -2.677236 0.007055 
3.519997 0.036546 -2.679814 0.007068 
3.529997 0.063274 -2.682129 0.007081 
3.539997 0.090024 -2.684178 0.007094 
3.549997 0.116795 -2.685962 0.007107 
3.559997 0.143584 -2.687480 0.007121 
3.569997 0.170387 -2.688732 0.007134 
3.579997 0.197203 -2.689717 0.007147 
3.589997 0.224029 -2.690434 0.007161 
3.599997 0.250862 -2.690884 0.007174 
3.609997 0.277699 -2.691067 0.007188 
3.619997 0.304538 -2.690981 0.007202 
3.629997 0.331375 -2.690626 0.007215 
3.639997 0.358209 -2.690003 0.007229 
3.649997 0.385037 -2.689111 0.007243 
3.659997 0.411856 -2.687950 0.007257 
3.669997 0.438663 -2.686519 0.007271 
3.679997 0.465455 -2.684819 0.007285 
3.689997 0.492231 -2.682849 0.007299 
3.699997 0.518986 -2.680610 0.007313 
3.709997 0.545719 -2.678100 0.007327 
3.719997 0.572427 -2.675321 0.007341 
3.729997 0.599107 -2.672272 0.007355 
3.739997 0.625756 -2.668954 0.007370 
3.749997 0.652372 -2.665365 0.007384 
3.759997 0.678952 -2.661507 0.007399 
3.769997 0.705493 -2.657379 0.007413 
3.779997 0.731992 -2.652981 0.007427 
3.789997 0.758448 -2.648314 0.007442 
3.799997 0.784856 -2.643378 0.007457 
3.809997 0.811216 -2.638173 0.007471 
3.819997 0.837523 -2.632699 0.007486 
3.829997 0.863775 -2.626956 0.007500 
3.839997 0.889969 -2.620945 0.007515 
3.849997 0.916104 -2.614666 0.007530 
3.859997 0.942175 -2.608120 0.007545 
3.869997 0.968181 -2.601307 0.007560 
3.879997 0.994118 -2.594226 0.007574 
3.889997 1.019985 -2.586879 0.007589 
3.899997 1.045778 -2.579266 0.007604 
3.909997 1.071494 -2.571388 0.007619 
3.919997 1.097132 -2.563244 0.007634 
3.929997 1.122688 -2.554836 0.007649 
3.939997 1.148160 -2.546164 0.007664 
3.949997 1.173545 -2.537229 0.007679 
3.959997 1.198841 -2.528030 0.007694 
3.969997 1.224044 -2.518570 0.007709 
3.979997 1.249153 -2.508848 0.007724 
3.989997 1.274164 -2.498866 0.007739 
3.999997 1.299075 -2.488623 0.007754 
4.009997 1.323884 -2.478121 0.007770 
4.019997 1.348587 -2.467360 0.007785 
4.029997 1.373183 -2.456342 0.007800 
4.039998 1.397668 -2.445066 0.007815 
4.049998 1.422041 -2.433534 0.007830 
4.059998 1.446298 -2.421747 0.007845 
4.069998 1.470437 -2.409706 0.007860 
4.079998 1.494455 -2.397411 0.007875 
4.089999 1.518351 -2.384864 0.007891 
4.099999 1.542121 -2.372066 0.007906 
4.109999 1.565762 -2.359016 0.007921 
4.119999 1.589273 -2.345718 0.007936 
4.130000 1.612651 -2.332171 0.007951 
4.140000 1.635893 -2.318377 0.007966 
4.150000 1.658997 -2.304336 0.007981 
4.160000 1.681961 -2.290051 0.007996 
4.170001 1.704781 -2.275521 0.008011 
4.180001 1.727456 -2.260749 0.008026 
4.190001 1.749984 -2.245735 0.008041 
4.200001 1.772360 -2.230481 0.008056 
4.210001 1.794585 -2.214988 0.008071 
4.220002 1.816654 -2.199257 0.008086 
4.230002 1.838566 -2.183290 0.008101 
4.240002 1.860318 -2.167087 0.008116 
4.250002 1.881907 -2.150651 0.008130 
4.260003 1.903333 -2.133983 0.008145 
4.270003 1.924591 -2.117084 0.008160 
4.280003 1.945680 -2.099955 0.008175 
4.290003 1.966598 -2.082598 0.008189 
4.300004 1.987342 -2.065014 0.008204 
4.310004 2.007910 -2.047206 0.008218 
4.320004 2.028300 -2.029174 0.008233 
4.330004 2.048509 -2.010920 0.008247 
4.340004 2.068536 -1.992446 0.008261 
4.350005 2.088378 -1.973753 0.008276 
4.360005 2.108032 -1.954843 0.008290 
4.370005 2.127498 -1.935718 0.008304 
4.380005 2.146772 -1.916378 0.008318 
4.390006 2.165853 -1.896827 0.008332 
4.400006 2.184738 -1.877065 0.008346 
4.410006 2.203425 -1.857095 0.008360 
4.420006 2.221912 -1.836918 0.008374 
4.430007 2.240198 -1.816536 0.008388 
4.440007 2.258279 -1.795950 0.008401 
4.450007 2.276155 -1.775164 0.008415 
4.460007 2.293822 -1.754177 0.008428 
4.470007 2.311280 -1.732993 0.008442 
4.480008 2.328525 -1.711613 0.008455 
4.490008 2.345557 -1.690040 0.008468 
4.500008 2.362373 -1.668274 0.008481 
4.510008 2.378971 -1.646318 0.008494 
4.520009 2.395349 -1.624175 0.008507 
4.530009 2.411505 -1.601846 0.008520 
4.540009 2.427439 -1.579333 0.008533 
4.550009 2.443147 -1.556638 0.008545 
4.560009 2.458628 -1.533763 0.008558 
4.570010 2.473880 -1.510710 0.008570 
4.580010 2.488901 -1.487482 0.008582 
4.590010 2.503690 -1.464081 0.008594 
4.600010 2.518245 -1.440508 0.008606 
4.610011 2.532564 -1.416766 0.008618 
4.620011 2.546646 -1.392857 0.008630 
4.630011 2.560488 -1.368783 0.008641 
4.640011 2.574089 -1.344547 0.008653 
4.650012 2.587448 -1.320151 0.008664 
4.660012 2.600563 -1.295597 0.008675 
4.670012 2.613432 -1.270887 0.008686 
4.680012 2.626054 -1.246023 0.008697 
4.690012 2.638427 -1.221009 0.008708 
4.700013 2.650551 -1.195845 0.008719 
4.710013 2.662422 -1.170536 0.008729 
4.720013 2.674040 -1.145082 0.008740 
4.730013 2.685404 -1.119487 0.008750 
4.740014 2.696511 -1.093752 0.008760 
4.750014 2.707361 -1.067881 0.008770 
4.760014 2.717952 -1.041875 0.008779 
4.770014 2.728283 -1.015737 0.008789 
4.780015 2.738352 -0.989470 0.008798 
4.790015 2.748159 -0.963076 0.008807 
4.800015 2.757702 -0.936558 0.008816 
4.810015 2.766979 -0.909917 0.008825 
4.820015 2.775990 -0.883157 0.008834 
4.830016 2.784733 -0.856281 0.008842 
4.840016 2.793208 -0.829290 0.008851 
4.850016 2.801412 -0.802187 0.008859 
4.860016 2.809345 -0.774975 0.008867 
4.870017 2.817007 -0.747656 0.008874 
4.880017 2.824394 -0.720234 0.008882 
4.890017 2.831508 -0.692710 0.008889 
4.900017 2.838346 -0.665088 0.008897 
4.910017 2.844908 -0.637370 0.008904 
4.920018 2.851193 -0.609558 0.008910 
4.930018 2.857199 -0.581656 0.008917 
4.940018 2.862927 -0.553665 0.008923 
4.950018 2.868374 -0.525590 0.008930 
4.960019 2.873541 -0.497431 0.008936 
4.970019 2.878426 -0.469193 0.008941 
4.980019 2.883028 -0.440878 0.008947 
4.990019 2.887347 -0.412489 0.008952 
5.000020 2.891383 -0.384028 0.008957 
5.010020 2.895134 -0.355498 0.008962 
5.020020 2.898599 -0.326902 0.008967 
5.030020 2.901778 -0.298243 0.008972 
5.040020 2.904671 -0.269524 0.008976 
5.050021 2.907277 -0.240747 0.008980 
5.060021 2.909594 -0.211915 0.008984 
5.070021 2.911624 -0.183031 0.008988 
5.080021 2.913364 -0.154097 0.008991 
5.090022 2.914815 -0.125118 0.008994 
5.100022 2.915977 -0.096095 0.008997 
5.110022 2.916847 -0.067031 0.009000 
5.120022 2.917428 -0.037930 0.009002 
5.130023 2.917717 -0.008793 0.009005 
5.140023 2.917715 0.020375 0.009007 
5.150023 2.917421 0.049573 0.009009 
5.160023 2.916835 0.078796 0.009010 
5.170023 2.915957 0.108044 0.009012 
5.180024 2.914787 0.137311 0.009013 
5.190024 2.913323 0.166596 0.009014 
5.200024 2.911567 0.195896 0.009014 
5.210024 2.909518 0.225208 0.009015 
5.220025 2.907176 0.254528 0.009015 
5.230025 2.904540 0.283854 0.009015 
5.240025 2.901612 0.313184 0.009015 
5.250025 2.898390 0.342513 0.009014 
5.260026 2.894874 0.371839 0.009014 
5.270026 2.891066 0.401160 0.009013 
5.280026 2.886964 0.430472 0.009011 
5.290026 2.882569 0.459772 0.009010 
5.300026 2.877882 0.489057 0.009008 
5.310027 2.872901 0.518325 0.009006 
5.320027 2.867628 0.547573 0.009004 
5.330027 2.862062 0.576796 0.009002 
5.340027 2.856204 0.605994 0.008999 
5.350028 2.850054 0.635162 0.008996 
5.360028 2.843612 0.664298 0.008993 
5.370028 2.836879 0.693398 0.008990 
5.380028 2.829855 0.722460 0.008986 
5.390028 2.822541 0.751481 0.008983 
5.400029 2.814936 0.780458 0.008979 
5.410029 2.807042 0.809388 0.008974 
5.420029 2.798858 0.838268 0.008970 
5.430029 2.790386 0.867095 0.008965 
5.440030 2.781625 0.895866 0.008960 
5.450030 2.772577 0.924578 0.008955 
5.460030 2.763242 0.953228 0.008950 
5.470030 2.753620 0.981814 0.008944 
5.480031 2.743712 1.010332 0.008938 
5.490031 2.733520 1.038779 0.008932 
5.500031 2.723043 1.067153 0.008926 
5.510031 2.712282 1.095451 0.008919 
5.520031 2.701238 1.123669 0.008912 
5.530032 2.689912 1.151805 0.008905 
5.540032 2.678305 1.179856 0.008898 
5.550032 2.666418 1.207819 0.008891 
5.560032 2.654251 1.235691 0.008883 
5.570033 2.641805 1.263469 0.008875 
5.580033 2.629081 1.291150 0.008867 
5.590033 2.616081 1.318732 0.008859 
5.600033 2.602805 1.346212 0.008850 
5.610034 2.589255 1.373586 0.008842 
5.620034 2.575431 1.400852 0.008833 
5.630034 2.561334 1.428007 0.008824 
5.640034 2.546966 1.455049 0.008814 
5.650034 2.532327 1.481973 0.008805 
5.660035 2.517419 1.508779 0.008795 
5.670035 2.502243 1.535462 0.008785 
5.680035 2.486801 1.562020 0.008775 
5.690035 2.471093 1.588450 0.008765 
5.700036 2.455121 1.614749 0.008754 
5.710036 2.438886 1.640915 0.008744 
5.720036 2.422389 1.666945 0.008733 
5.730036 2.405632 1.692836 0.008722 
5.740036 2.388617 1.718585 0.008711 
5.750037 2.371344 1.744190 0.008699 
5.760037 2.353815 1.769647 0.008688 
5.770037 2.336032 1.794955 0.008676 
5.780037 2.317995 1.820110 0.008664 
5.790038 2.299708 1.845110 0.008652 
5.800038 2.281170 1.869952 0.008639 
5.810038 2.262384 1.894634 0.008627 
5.820038 2.243351 1.919153 0.008614 
5.830039 2.224074 1.943505 0.008602 
5.840039 2.204553 1.967690 0.008589 
5.850039 2.184790 1.991703 0.008576 
5.860039 2.164787 2.015542 0.008562 
5.870039 2.144546 2.039206 0.008549 
5.880040 2.124069 2.062690 0.008535 
5.890040 2.103356 2.085994 0.008522 
5.900040 2.082411 2.109113 0.008508 
5.910040 2.061235 2.132046 0.008494 
5.920041 2.039830 2.154791 0.008480 
5.930041 2.018197 2.177344 0.008466 
5.940041 1.996339 2.199703 0.008451 
5.950041 1.974257 2.221867 0.008437 
5.960042 1.951954 2.243831 0.008422 
5.970042 1.929432 2.265594 0.008408 
5.980042 1.906692 2.287154 0.008393 
5.990042 1.883736 2.308508 0.008378 
6.000042 1.860568 2.329654 0.008363 
6.010043 1.837187 2.350590 0.008348 
6.020043 1.813598 2.371312 0.008332 
6.030043 1.789802 2.391819 0.008317 
6.040043 1.765800 2.412109 0.008301 
6.050044 1.741596 2.432179 0.008286 
6.060044 1.717191 2.452027 0.008270 
6.070044 1.692588 2.471651 0.008254 
6.080044 1.667789 2.491049 0.008238 
6.090044 1.642797 2.510218 0.008222 
6.100045 1.617612 2.529156 0.008206 
6.110045 1.592239 2.547861 0.008190 
6.120045 1.566678 2.566331 0.008174 
6.130045 1.540933 2.584564 0.008158 
6.140046 1.515006 2.602558 0.008141 
6.150046 1.488899 2.620311 0.008125 
6.160046 1.462615 2.637820 0.008108 
6.170046 1.436155 2.655084 0.008092 
6.180047 1.409523 2.672101 0.008075 
6.190047 1.382722 2.688868 0.008058 
6.200047 1.355752 2.705384 0.008042 
6.210047 1.328618 2.721647 0.008025 
6.220047 1.301322 2.737655 0.008008 
6.230048 1.273865 2.753406 0.007991 
6.240048 1.246251 2.768898 0.007974 
6.250048 1.218482 2.784129 0.007957 
6.260048 1.190561 2.799098 0.007940 
6.270049 1.162491 2.813803 0.007923 
6.280049 1.134274 2.828241 0.007906 
6.290049 1.105912 2.842412 0.007889 
6.300049 1.077409 2.856314 0.007872 
6.310050 1.048767 2.869944 0.007854 
6.320050 1.019989 2.883302 0.007837 
6.330050 0.991078 2.896385 0.007820 
6.340050 0.962036 2.909192 0.007803 
6.350050 0.932866 2.921722 0.007785 
6.360051 0.903571 2.933972 0.007768 
6.370051 0.874153 2.945942 0.007751 
6.380051 0.844617 2.957629 0.007733 
6.390051 0.814963 2.969033 0.007716 
6.400052 0.785195 2.980152 0.007699 
6.410052 0.755317 2.990984 0.007681 
6.420052 0.725330 3.001528 0.007664 
6.430052 0.695238 3.011783 0.007647 
6.440053 0.665044 3.021747 0.007629 
6.450053 0.634750 3.031419 0.007612 
6.460053 0.604360 3.040798 0.007594 
6.470053 0.573876 3.049882 0.007577 
6.480053 0.543302 3.058671 0.007560 
6.490054 0.512639 3.067163 0.007543 
6.500054 0.481892 3.075356 0.007525 
6.510054 0.451063 3.083251 0.007508 
6.520054 0.420156 3.090844 0.007491 
6.530055 0.389172 3.098137 0.007473 
6.540055 0.358116 3.105127 0.007456 
6.550055 0.326990 3.111813 0.007439 
6.560055 0.295798 3.118195 0.007422 
6.570055 0.264542 3.124271 0.007405 
6.580056 0.233225 3.130041 0.007388 
6.590056 0.201851 3.135503 0.007371 
6.600056 0.170422 3.140657 0.007354 
6.610056 0.138942 3.145502 0.007337 
6.620057 0.107414 3.150037 0.007320 
6.630057 0.075840 3.154261 0.007303 
6.640057 0.044224 3.158174 0.007286 
6.650057 0.012570 3.161774 0.007269 
6.660058 -0.019121 3.165061 0.007252 
6.670058 -0.050844 3.168035 0.007236 
6.680058 -0.082597 3.170695 0.007219 
6.690058 -0.114376 3.173040 0.007202 
6.700058 -0.146178 3.175069 0.007186 
6.710059 -0.178001 3.176782 0.007169 
6.720059 -0.209840 3.178179 0.007153 
6.730059 -0.241693 3.179259 0.007136 
6.740059 -0.273557 3.180021 0.007120 
6.750060 -0.305429 3.180465 0.007104 
6.760060 -0.337305 3.180592 0.007088 
6.770060 -0.369181 3.180399 0.007071 
6.780060 -0.401056 3.179888 0.007055 
6.790061 -0.432925 3.179057 0.007039 
6.800061 -0.464786 3.177907 0.007023 
6.810061 -0.496636 3.176437 0.007007 
6.820061 -0.528470 3.174647 0.006992 
6.830061 -0.560287 3.172537 0.006976 
6.840062 -0.592082 3.170107 0.006960 
6.850062 -0.623852 3.167356 0.006944 
6.860062 -0.655595 3.164285 0.006929 
6.870062 -0.687307 3.160893 0.006913 
6.880063 -0.718986 3.157181 0.006898 
6.890063 -0.750626 3.153149 0.006883 
6.900063 -0.782227 3.148796 0.006867 
6.910063 -0.813783 3.144122 0.006852 
6.920063 -0.845293 3.139128 0.006837 
6.930064 -0.876753 3.133815 0.006822 
6.940064 -0.908159 3.128181 0.006807 
6.950064 -0.939509 3.122228 0.006792 
6.960064 -0.970799 3.115955 0.006778 
6.970065 -1.002026 3.109363 0.006763 
6.980065 -1.033188 3.102452 0.006748 
6.990065 -1.064280 3.095223 0.006734 
7.000065 -1.095299 3.087675 0.006720 
7.010066 -1.126243 3.079810 0.006705 
7.020066 -1.157108 3.071627 0.006691 
7.030066 -1.187892 3.063128 0.006677 
7.040066 -1.218590 3.054312 0.006663 
7.050066 -1.249199 3.045180 0.006649 
7.060067 -1.279718 3.035733 0.006635 
7.070067 -1.310141 3.025972 0.006621 
7.080067 -1.340467 3.015897 0.006607 
7.090067 -1.370692 3.005508 0.006594 
7.100068 -1.400813 2.994807 0.006580 
7.110068 -1.430827 2.983793 0.006567 
7.120068 -1.460731 2.972469 0.006554 
7.130068 -1.490521 2.960834 0.006540 
7.140069 -1.520195 2.948890 0.006527 
7.150069 -1.549749 2.936637 0.006514 
7.160069 -1.579180 2.924076 0.006501 
7.170069 -1.608486 2.911208 0.006488 
7.180069 -1.637663 2.898035 0.006476 
7.190070 -1.666708 2.884556 0.006463 
7.200070 -1.695618 2.870774 0.006450 
7.210070 -1.724391 2.856688 0.006438 
7.220070 -1.753022 2.842301 0.006426 
7.230071 -1.781509 2.827613 0.006413 
7.240071 -1.809849 2.812626 0.006401 
7.250071 -1.838040 2.797340 0.006389 
7.260071 -1.866077 2.781757 0.006377 
7.270072 -1.893958 2.765878 0.006366 
7.280072 -1.921681 2.749704 0.006354 
7.290072 -1.949241 2.733237 0.006342 
7.300072 -1.976637 2.716478 0.006331 
7.310072 -2.003865 2.699428 0.006319 
7.320073 -2.030923 2.682089 0.006308 
7.330073 -2.057807 2.664462 0.006297 
7.340073 -2.084514 2.646548 0.006286 
7.350073 -2.111043 2.628350 0.006275 
7.360074 -2.137389 2.609868 0.006264 
7.370074 -2.163550 2.591104 0.006253 
7.380074 -2.189524 2.572059 0.006242 
7.390074 -2.215307 2.552736 0.006232 
7.400074 -2.240897 2.533136 0.006221 
7.410075 -2.266290 2.513260 0.006211 
7.420075 -2.291485 2.493110 0.006201 
7.430075 -2.316478 2.472688 0.006190 
7.440075 -2.341267 2.451996 0.006180 
7.450076 -2.365849 2.431036 0.006170 
7.460076 -2.390221 2.409808 0.006161 
7.470076 -2.414380 2.388316 0.006151 
7.480076 -2.438325 2.366560 0.006141 
7.490077 -2.462052 2.344544 0.006132 
7.500077 -2.485559 2.322268 0.006122 
7.510077 -2.508842 2.299734 0.006113 
7.520077 -2.531901 2.276946 0.006104 
7.530077 -2.554731 2.253904 0.006095 
7.540078 -2.577331 2.230610 0.006086 
7.550078 -2.599698 2.207067 0.006077 
7.560078 -2.621830 2.183278 0.006068 
7.570078 -2.643723 2.159243 0.006060 
7.580079 -2.665376 2.134965 0.006051 
7.590079 -2.686786 2.110446 0.006043 
7.600079 -2.707951 2.085689 0.006034 
7.610079 -2.728868 2.060695 0.006026 
7.620080 -2.749536 2.035467 0.006018 
7.630080 -2.769951 2.010007 0.006010 
7.640080 -2.790111 1.984317 0.006002 
7.650080 -2.810014 1.958400 0.005994 
7.660080 -2.829658 1.932259 0.005987 
7.670081 -2.849041 1.905894 0.005979 
7.680081 -2.868159 1.879310 0.005972 
7.690081 -2.887012 1.852507 0.005964 
7.700081 -2.905597 1.825490 0.005957 
7.710082 -2.923911 1.798259 0.005950 
7.720082 -2.941953 1.770818 0.005943 
7.730082 -2.959721 1.743170 0.005936 
7.740082 -2.977212 1.715316 0.005929 
7.750082 -2.994424 1.687259 0.005923 
7.760083 -3.011356 1.659002 0.005916 
7.770083 -3.028005 1.630547 0.005910 
7.780083 -3.044370 1.601898 0.005903 
7.790083 -3.060448 1.573056 0.005897 
7.800084 -3.076237 1.544025 0.005891 
7.810084 -3.091737 1.514806 0.005885 
7.820084 -3.106943 1.485404 0.005879 
7.830084 -3.121856 1.455820 0.005874 
7.840085 -3.136473 1.426057 0.005868 
7.850085 -3.150792 1.396118 0.005862 
7.860085 -3.164812 1.366006 0.005857 
7.870085 -3.178531 1.335724 0.005852 
7.880085 -3.191947 1.305275 0.005846 
7.890086 -3.205058 1.274660 0.005841 
7.900086 -3.217863 1.243885 0.005836 
7.910086 -3.230360 1.212950 0.005831 
7.920086 -3.242548 1.181859 0.005827 
7.930087 -3.254424 1.150616 0.005822 
7.940087 -3.265989 1.119222 0.005817 
7.950087 -3.277239 1.087681 0.005813 
7.960087 -3.288174 1.055997 0.005809 
7.970088 -3.298792 1.024171 0.005804 
7.980088 -3.309092 0.992207 0.005800 
7.990088 -3.319072 0.960108 0.005796 
8.000088 -3.328731 0.927878 0.005792 
8.010088 -3.338068 0.895518 0.005789 
8.020088 -3.347081 0.863033 0.005785 
8.030088 -3.355769 0.830425 0.005782 
8.040089 -3.364131 0.797698 0.005778 
8.050089 -3.372166 0.764855 0.005775 
8.060089 -3.379872 0.731898 0.005772 
8.070089 -3.387249 0.698831 0.005768 
8.080090 -3.394295 0.665657 0.005766 
8.090090 -3.401009 0.632380 0.005763 
8.100090 -3.407391 0.599002 0.005760 
8.110090 -3.413438 0.565527 0.005757 
8.120090 -3.419151 0.531959 0.005755 
8.130091 -3.424528 0.498299 0.005752 
8.140091 -3.429569 0.464552 0.005750 
8.150091 -3.434272 0.430721 0.005748 
8.160091 -3.438636 0.396809 0.005746 
8.170092 -3.442662 0.362819 0.005744 
8.180092 -3.446347 0.328756 0.005742 
8.190092 -3.449692 0.294621 0.005740 
8.200092 -3.452696 0.260419 0.005738 
8.210093 -3.455358 0.226152 0.005737 
8.220093 -3.457676 0.191825 0.005736 
8.230093 -3.459652 0.157440 0.005734 
8.240093 -3.461284 0.123001 0.005733 
8.250093 -3.462571 0.088511 0.005732 
8.260094 -3.463513 0.053974 0.005731 
8.270094 -3.464110 0.019392 0.005730 
8.280094 -3.464362 -0.015229 0.005729 
8.290094 -3.464267 -0.049888 0.005729 
8.300095 -3.463825 -0.084581 0.005728 
8.310095 -3.463037 -0.119304 0.005728 
8.320095 -3.461901 -0.154053 0.005728 
8.330095 -3.460418 -0.188826 0.005728 
8.340096 -3.458587 -0.223619 0.005727 
8.350096 -3.456408 -0.258429 0.005728 
8.360096 -3.453881 -0.293251 0.005728 
8.370096 -3.451005 -0.328083 0.005728 
8.380096 -3.447782 -0.362921 0.005728 
8.390097 -3.444210 -0.397762 0.005729 
8.400097 -3.440289 -0.432602 0.005730 
8.410097 -3.436021 -0.467438 0.005730 
8.420097 -3.431404 -0.502265 0.005731 
8.430098 -3.426439 -0.537082 0.005732 
8.440098 -3.421125 -0.571883 0.005733 
8.450098 -3.415464 -0.606666 0.005734 
8.460098 -3.409454 -0.641427 0.005736 
8.470098 -3.403097 -0.676163 0.005737 
8.480099 -3.396393 -0.710871 0.005739 
8.490099 -3.389342 -0.745545 0.005740 
8.500099 -3.381944 -0.780184 0.005742 
8.510099 -3.374199 -0.814784 0.005744 
8.520100 -3.366109 -0.849341 0.005746 
8.530100 -3.357673 -0.883851 0.005748 
8.540100 -3.348892 -0.918312 0.005750 
8.550100 -3.339766 -0.952719 0.005753 
8.560101 -3.330297 -0.987069 0.005755 
8.570101 -3.320483 -1.021359 0.005758 
8.580101 -3.310328 -1.055586 0.005761 
8.590101 -3.299829 -1.089744 0.005763 
8.600101 -3.288990 -1.123832 0.005766 
8.610102 -3.277809 -1.157846 0.005769 
8.620102 -3.266288 -1.191782 0.005773 
8.630102 -3.254428 -1.225637 0.005776 
8.640102 -3.242229 -1.259407 0.005779 
8.650103 -3.229693 -1.293088 0.005783 
8.660103 -3.216820 -1.326679 0.005786 
8.670103 -3.203611 -1.360173 0.005790 
8.680103 -3.190067 -1.393570 0.005794 
8.690104 -3.176189 -1.426864 0.005798 
8.700104 -3.161978 -1.460052 0.005802 
8.710104 -3.147436 -1.493132 0.005806 
8.720104 -3.132563 -1.526100 0.005811 
8.730104 -3.117360 -1.558951 0.005815 
8.740105 -3.101828 -1.591684 0.005820 
8.750105 -3.085970 -1.624294 0.005825 
8.760105 -3.069785 -1.656778 0.005829 
8.770105 -3.053275 -1.689133 0.005834 
8.780106 -3.036442 -1.721354 0.005839 
8.790106 -3.019287 -1.753440 0.005845 
8.800106 -3.001811 -1.785387 0.005850 
8.810106 -2.984016 -1.817190 0.005855 
8.820107 -2.965903 -1.848847 0.005861 
8.830107 -2.947473 -1.880355 0.005866 
8.840107 -2.928728 -1.911710 0.005872 
8.850107 -2.909669 -1.942909 0.005878 
8.860107 -2.890299 -1.973949 0.005884 
8.870108 -2.870618 -2.004826 0.005890 
8.880108 -2.850629 -2.035537 0.005897 
8.890108 -2.830333 -2.066079 0.005903 
8.900108 -2.809731 -2.096448 0.005909 
8.910109 -2.788826 -2.126642 0.005916 
8.920109 -2.767618 -2.156657 0.005923 
8.930109 -2.746111 -2.186490 0.005930 
8.940109 -2.724305 -2.216137 0.005937 
8.950109 -2.702203 -2.245597 0.005944 
8.960110 -2.679807 -2.274864 0.005951 
8.970110 -2.657118 -2.303937 0.005958 
8.980110 -2.634138 -2.332812 0.005966 
8.990110 -2.610869 -2.361486 0.005974 
9.000111 -2.587314 -2.389957 0.005981 
9.010111 -2.563475 -2.418220 0.005989 
9.020111 -2.539352 -2.446273 0.005997 
9.030111 -2.514950 -2.474113 0.006005 
9.040112 -2.490268 -2.501736 0.006014 
9.050112 -2.465311 -2.529141 0.006022 
9.060112 -2.440080 -2.556323 0.006030 
9.070112 -2.414577 -2.583280 0.006039 
9.080112 -2.388805 -2.610009 0.006048 
9.090113 -2.362765 -2.636507 0.006057 
9.100113 -2.336461 -2.662771 0.006066 
9.110113 -2.309894 -2.688799 0.006075 
9.120113 -2.283067 -2.714587 0.006084 
9.130114 -2.255981 -2.740132 0.006093 
9.140114 -2.228641 -2.765432 0.006103 
9.150114 -2.201048 -2.790484 0.006112 
9.160114 -2.173204 -2.815285 0.006122 
9.170115 -2.145112 -2.839832 0.006132 
9.180115 -2.116775 -2.864123 0.006142 
9.190115 -2.088196 -2.888155 0.006152 
9.200115 -2.059376 -2.911925 0.006162 
9.210115 -2.030318 -2.935431 0.006173 
9.220116 -2.001025 -2.958670 0.006183 
9.230116 -1.971500 -2.981639 0.006194 
9.240116 -1.941746 -3.004335 0.006205 
9.250116 -1.911765 -3.026757 0.006215 
9.260117 -1.881559 -3.048902 0.006226 
9.270117 -1.851133 -3.070766 0.006238 
9.280117 -1.820487 -3.092348 0.006249 
9.290117 -1.789626 -3.113645 0.006260 
9.300117 -1.758552 -3.134655 0.006272 
9.310118 -1.727269 -3.155375 0.006283 
9.320118 -1.695778 -3.175804 0.006295 
9.330118 -1.664083 -3.195937 0.006307 
9.340118 -1.632186 -3.215774 0.006319 
9.350119 -1.600092 -3.235312 0.006331 
9.360119 -1.567802 -3.254548 0.006344 
9.370119 -1.535320 -3.273480 0.006356 
9.380119 -1.502649 -3.292107 0.006369 
9.390120 -1.469791 -3.310426 0.006381 
9.400120 -1.436751 -3.328434 0.006394 
9.410120 -1.403530 -3.346130 0.006407 
9.420120 -1.370133 -3.363511 0.006420 
9.430120 -1.336562 -3.380576 0.006433 
9.440121 -1.302821 -3.397322 0.006447 
9.450121 -1.268912 -3.413748 0.006460 
9.460121 -1.234839 -3.429851 0.006474 
9.470121 -1.200605 -3.445629 0.006488 
9.480122 -1.166214 -3.461081 0.006501 
9.490122 -1.131668 -3.476204 0.006515 
9.500122 -1.096971 -3.490997 0.006529 
9.510122 -1.062127 -3.505458 0.006544 
9.520123 -1.027138 -3.519584 0.006558 
9.530123 -0.992007 -3.533375 0.006573 
9.540123 -0.956739 -3.546829 0.006587 
9.550123 -0.921337 -3.559943 0.006602 
9.560123 -0.885803 -3.572716 0.006617 
9.570124 -0.850142 -3.585147 0.006632 
9.580124 -0.814357 -3.597234 0.006647 
9.590124 -0.778451 -3.608974 0.006662 
9.600124 -0.742428 -3.620368 0.006678 
9.610125 -0.706291 -3.631413 0.006693 
9.620125 -0.670044 -3.642107 0.006709 
9.630125 -0.633690 -3.652450 0.006725 
9.640125 -0.597233 -3.662439 0.006741 
9.650126 -0.560676 -3.672074 0.006757 
9.660126 -0.524023 -3.681352 0.006773 
9.670126 -0.487277 -3.690274 0.006789 
9.680126 -0.450442 -3.698837 0.006806 
9.690126 -0.413522 -3.707040 0.006822 
9.700127 -0.376520 -3.714883 0.006839 
9.710127 -0.339439 -3.722363 0.006856 
9.720127 -0.302284 -3.729480 0.006873 
9.730127 -0.265058 -3.736232 0.006890 
9.740128 -0.227765 -3.742619 0.006907 
9.750128 -0.190408 -3.748639 0.006924 
9.760128 -0.152990 -3.754292 0.006942 
9.770128 -0.115517 -3.759576 0.006959 
9.780128 -0.077991 -3.764491 0.006977 
9.790129 -0.040416 -3.769035 0.006995 
9.800129 -0.002795 -3.773208 0.007013 
9.810129 0.034867 -3.777009 0.007031 
9.820129 0.072567 -3.780438 0.007049 
9.830130 0.110300 -3.783493 0.007067 
9.840130 0.148065 -3.786173 0.007085 
9.850130 0.185856 -3.788479 0.007104 
9.860130 0.223669 -3.790409 0.007123 
9.870131 0.261502 -3.791963 0.007141 
9.880131 0.299350 -3.793139 0.007160 
9.890131 0.337210 -3.793939 0.007179 
9.900131 0.375078 -3.794361 0.007198 
9.910131 0.412949 -3.794405 0.007218 
9.920132 0.450821 -3.794070 0.007237 
9.930132 0.488690 -3.793355 0.007256 
9.940132 0.526551 -3.792262 0.007276 
9.950132 0.564400 -3.790789 0.007296 
9.960133 0.602235 -3.788935 0.007315 
9.970133 0.640052 -3.786702 0.007335 
9.980133 0.677845 -3.784088 0.007355 
9.990133 0.715613 -3.781094 0.007375 
